TITLE:Blade of Hope
BPM:188.000
WAVE:Blade of Hope.ogg
OFFSET:-0.621
SONGVOL:100
SEVOL:100
DEMOSTART:52.266
SUBTITLE:

COURSE:Easy
LEVEL:4
BALLOON:
SCOREINIT:530
SCOREDIFF:200

#START
0,
0,
1202,
0202,
1202,
0202,
1202,
0202,
1202,
03030300,
1202,
0202,
1202,
0202,
10201011,
03030300,
0,
0,
0,
0,
0,
0,
0,
00002200,
1011,
1011,
1011,
1022,
1011,
1011,
1011,
1220,
12,
12,
12,
30040040,
1202,
1202,
1111,
2222,
2,
#GOGOSTART
1112,
1110,
1112,
1220,
12,
12,
6,
08,
1112,
1110,
1112,
1220,
12,
12,
6,
08,
3333,
3333,
4444,
4,
#GOGOEND
1202,
0202,
1202,
0202,
10201011,
03030300,
#END